16 20
10 98
34 65
36 62
43 46
45 74
70 73
7 35
35 51
23 25
19 73
65 15
43 67
9 81
11 78
76 79
73 10
78 61
10 91
47 55
100 3
8 48
62 83
16 95
20 22
41 8
11 71
49 55
13 65
80 97
57 77
60 94
26 16
43 32
69 60
54 81
5 14
3 81
12 93
40 54
68 70
95 54
23 56
53 57
72 79
96 46
82 90
22 69
62 87
71 99
20 26
5 16
4 18
31 99
14 28
78 95
75 78
1 12
21 61
70 45
64 77
90 41
54 85
8 63
34 82
46 47
3 76
94 75
59 20
14 30
43 66
98 66
78 88
75 80
52 87
49 70
79 25
30 38
10 90
88 37
25 33
42 49
19 56
8 56
33 39
32 41
92 89
35 64
93 26
24 73
65 74
1 80
57 79
83 43
56 4
90 91
2 97
31 78
6 24
51 1
55 81
10 12
87 58
18 68
31 53
46 17
94 100
47 58
66 93
97 7
37 2
23 67
32 100
52 48
61 5
89 21
60 70
72 90
23 85
6 35
81 47
99 62
69 91
34 91
39 50
10 14
91 97
16 73
17 38
47 51
12 51
40 67
63 69
30 44
71 82
17 47
48 89
40 94
7 36
36 72
58 84
33 64
45 29
50 80
54 96
39 43
35 70
28 86
28 31
85 83
48 9
9 91
91 53
44 39
1 34
38 35
84 23
23 71
58 13
21 28
15 88
12 71
4 67
47 74
13 54
76 27
31 59
49 19
80 52
3 61
27 55
41 54
16 98
25 46
16 43
69 79
64 92
27 73
55 80
22 86
74 14
54 100
74 78
77 40
60 33
75 31
5 42
60 97
86 6
32 90
25 94
67 84
33 61
11 58
22 88
22 33
39 58
63 59
11 85
29 11
